id,Status_C,Status_CL,Status_D
7905,0.5262611287773609,0.031336298601111735,0.44240257262152743
7906,0.5904496395690566,0.2756336180037429,0.13391674242720045
7907,0.03226497546271168,0.012174874468791617,0.9555601500684966
7908,0.969945446750613,0.003652831934378975,0.026401721315007932
7909,0.8514010785641779,0.03645016353914241,0.11214875789667972
7910,0.9914944392338405,0.0013793104837552946,0.0071262502824043115
7911,0.9739659772101945,0.002241046142097639,0.02379297664770796
7912,0.20189297702647474,0.02306403429693448,0.7750429886765907
7913,0.014242510491798113,0.0011941201472321964,0.9845633693609697
7914,0.6105366255151615,0.01710423257649282,0.37235914190834557
7915,0.6876364321371686,0.01289357580260951,0.29946999206022185
7916,0.6184219491923575,0.008598997307256443,0.3729790535003861
7917,0.528890421147911,0.1269941111559335,0.3441154676961555
7918,0.8848478252185406,0.009051933738379252,0.10610024104308025
7919,0.6142302192356368,0.052308137689984574,0.33346164307437864
7920,0.9190612612409046,0.0038274410875045223,0.07711129767159072
7921,0.9004199362839399,0.0044295293990283015,0.0951505343170317
7922,0.028640966980964064,0.009200104086642584,0.9621589289323933
7923,0.9046312438140542,0.00133279912767082,0.0940359570582751
7924,0.6129849617382542,0.17447129251302335,0.21254374574872234
7925,0.019193794153635087,0.0011530733205794598,0.9796531325257856
7926,0.8202672689231674,0.003047515824946426,0.17668521525188607
7927,0.7969423030278701,0.02230067707726274,0.18075701989486723
7928,0.07026829007528482,0.00760474038463448,0.9221269695400807
7929,0.9303120534670091,0.010385924295118587,0.05930202223787252
7930,0.13453572675835285,0.16981220247465864,0.6956520707669885
7931,0.9258619924444793,0.003087975216751027,0.07105003233876957
7932,0.16188812542420358,0.019195532852355437,0.818916341723441
7933,0.5741710112358915,0.01879894470381975,0.40703004406028864
7934,0.9710154998540108,0.0017531591633121427,0.027231340982677005
7935,0.9682475757174818,0.002750422652675977,0.029002001629842213
7936,0.9360015902181982,0.016919550453480866,0.0470788593283209
7937,0.3793122486092602,0.009225448831302708,0.6114623025594371
7938,0.9578682924870643,0.0035588885868158763,0.03857281892611974
7939,0.45103510472192476,0.06421729012766904,0.4847476051504062
7940,0.7626955804335995,0.0467530031528774,0.19055141641352322
7941,0.13347478757684617,0.040248267836734,0.8262769445864198
7942,0.9335499960872682,0.004286763076121383,0.06216324083661051
7943,0.06534371308845596,0.01807774468383354,0.9165785422277105
7944,0.9756937219757087,0.0012727557353575006,0.023033522288933756
7945,0.9524503192430714,0.0017948723233513941,0.045754808433577154
7946,0.899543333225905,0.011098748031424317,0.08935791874267077
7947,0.7990435829816621,0.010310070520462046,0.19064634649787604
7948,0.11963612004527316,0.013890415844148107,0.8664734641105786
7949,0.08829207837490916,0.15485122115673758,0.7568567004683532
7950,0.9751847069521646,0.0013949001939334356,0.02342039285390193
7951,0.4423060858404019,0.08814831006953205,0.46954560409006607
7952,0.3528665298748426,0.10905400433362634,0.538079465791531
7953,0.017212286767122446,0.0008874384011464318,0.9819002748317311
7954,0.9243716080812627,0.0038873625665443294,0.07174102935219294
7955,0.2723773503111572,0.012578641748784343,0.7150440079400584
7956,0.03734379349823909,0.016346879243433973,0.946309327258327
7957,0.8836554961873887,0.013051768072444198,0.10329273574016734
7958,0.02032768598645378,0.0023417653995798523,0.9773305486139665
7959,0.3148827965151807,0.033524235417828126,0.6515929680669912
7960,0.1361467490987576,0.023182587584547543,0.8406706633166949
7961,0.911155373923045,0.008999602597471268,0.07984502347948369
7962,0.15118295647366978,0.003608561619830221,0.8452084819065
7963,0.1292568194917284,0.0706002663940535,0.8001429141142181
7964,0.02583799419732347,0.006322670201761398,0.9678393356009152
7965,0.9773035857853525,0.0033143998342773377,0.019382014380370127
7966,0.5270774620264476,0.015056896240020792,0.45786564173353156
7967,0.9099705545624549,0.014624735121328138,0.07540471031621705
7968,0.9336490582056219,0.0013932485151588122,0.06495769327921909
7969,0.3203519032766307,0.061996985887350906,0.6176511108360185
7970,0.9305775668774479,0.0019637798246577762,0.06745865329789437
7971,0.9776521696790257,0.001541669607427151,0.020806160713547017
7972,0.5304344024581867,0.18850801167878828,0.281057585863025
7973,0.9327543708052114,0.009723979352286333,0.0575216498425022
7974,0.24170739801912725,0.041775292116719355,0.7165173098641534
7975,0.9393022001273184,0.012331595603088302,0.048366204269593496
7976,0.8082009566932332,0.006396039860708191,0.1854030034460587
7977,0.9530634106018269,0.00830968286355257,0.03862690653462041
7978,0.03523616785686028,0.005241800947645702,0.9595220311954941
7979,0.4707564210833317,0.029122664091993652,0.5001209148246747
7980,0.9577616392883106,0.0019785173013446237,0.04025984341034476
7981,0.8418101157113268,0.022395700577764948,0.13579418371090823
7982,0.8612843240936217,0.009429651832134974,0.1292860240742434
7983,0.8575240538551553,0.026236531281619152,0.11623941486322559
7984,0.10473867663506574,0.021682355221871806,0.8735789681430625
7985,0.3982872738443603,0.009836566827544252,0.5918761593280956
7986,0.15689483646936228,0.09410661884346033,0.7489985446871774
7987,0.6648282688010136,0.01741100343377172,0.3177607277652145
7988,0.7792083554495688,0.026517147609401513,0.19427449694102952
7989,0.9195469890820281,0.00760860145387494,0.07284440946409673
7990,0.47457374773665073,0.00730190581851388,0.5181243464448354
7991,0.05186659884514899,0.008357259848946086,0.9397761413059048
7992,0.9729875261622609,0.004272902114518011,0.022739571723221066
7993,0.8469383379391504,0.012399940751169647,0.1406617213096799
7994,0.9710991729253015,0.004178432844165598,0.024722394230533046
7995,0.7760128364423062,0.01748384710505536,0.20650331645263845
7996,0.03980308147789852,0.022721971775844754,0.9374749467462566
7997,0.8808442740394893,0.021756404159981677,0.09739932180052915
7998,0.005972549945741745,0.0013377349072389235,0.9926897151470194
7999,0.004307779162566144,0.0011170988306457188,0.9945751220067881
8000,0.8694466214851274,0.03527801695360965,0.09527536156126294
8001,0.8996129537624666,0.007529091589331033,0.09285795464820247
8002,0.36742725551234223,0.19545931390075913,0.4371134305868986
8003,0.7326812414857478,0.10915891070990598,0.15815984780434625
8004,0.31729235725736304,0.012671626031548209,0.6700360167110887
8005,0.8086500745613343,0.012507985129700404,0.17884194030896536
8006,0.8171988841020662,0.05758022568490383,0.12522089021303004
8007,0.804566337044769,0.008358329799568534,0.1870753331556625
8008,0.976052575073798,0.0023846417354938983,0.02156278319070818
8009,0.8377010902781471,0.010125469698776732,0.15217344002307626
8010,0.9579282287498948,0.011075592035747744,0.030996179214357236
8011,0.894677259800901,0.0030550336834371224,0.10226770651566203
8012,0.843744525920019,0.0053431516664845064,0.15091232241349647
8013,0.12077411004750425,0.028474170184212437,0.8507517197682832
8014,0.9482633332363765,0.012783038832730936,0.038953627930892604
8015,0.8767338834593359,0.003270267954113438,0.11999584858655064
8016,0.987226432892255,0.0011072575824640886,0.011666309525281068
8017,0.5330237883231682,0.0019696646551119797,0.46500654702171973
8018,0.6969609930872263,0.03633146695329593,0.2667075399594779
8019,0.9805467826836615,0.0036039121438981745,0.015849305172440445
8020,0.6857682062784424,0.019823784018146322,0.2944080097034113
8021,0.07845907000481149,0.005526332361972513,0.916014597633216
8022,0.1305940611286412,0.027233192037550306,0.8421727468338085
8023,0.6795773020152001,0.042080023907576224,0.2783426740772238
8024,0.9533980363926218,0.002107809958910552,0.044494153648467705
8025,0.12042545730059877,0.014646991657632846,0.8649275510417683
8026,0.9751490915497412,0.0014157886864735155,0.02343511976378536
8027,0.9806564244777387,0.003070809838248202,0.01627276568401308
8028,0.055211386050483896,0.016292618596355106,0.9284959953531611
8029,0.05244863981635542,0.010698217338155095,0.9368531428454895
8030,0.978980895343954,0.0007919187536523197,0.020227185902393776
8031,0.8668249074900228,0.04569850691995006,0.0874765855900272
8032,0.9241622521715556,0.0027088184512778957,0.07312892937716668
8033,0.12880785342772605,0.046648997792445863,0.8245431487798282
8034,0.543309937613809,0.026060642258533807,0.43062942012765737
8035,0.9678107716010269,0.0030713804616188975,0.0291178479373541
8036,0.305238182734105,0.676882175501636,0.017879641764258956
8037,0.21493497129710637,0.06796910699528068,0.7170959217076129
8038,0.779322276325837,0.03204349452815114,0.18863422914601186
8039,0.040884263989446196,0.04419058615580723,0.9149251498547465
8040,0.5025452167807632,0.06458452144877132,0.43287026177046545
8041,0.2686491049775488,0.011506599751321808,0.7198442952711295
8042,0.05654262514665878,0.008480879297620711,0.9349764955557205
8043,0.9364200273040094,0.0022929569119656194,0.06128701578402504
8044,0.04214024442416404,0.0018365015987569517,0.9560232539770791
8045,0.22410578219151178,0.23116677849259415,0.5447274393158941
8046,0.9051213801913593,0.00240278636315003,0.09247583344549051
8047,0.9328656349370494,0.0037935801408962777,0.06334078492205435
8048,0.9484722317268545,0.002696429059046758,0.0488313392140988
8049,0.6121604501054089,0.1609019965011896,0.2269375533934015
8050,0.41166220225595956,0.010643126282729091,0.5776946714613113
8051,0.09338747528968455,0.007693203360087756,0.8989193213502277
8052,0.9816698164672116,0.003968469543800952,0.01436171398898742
8053,0.06597612518875934,0.02170365411536765,0.912320220695873
8054,0.8277370921408549,0.005112815973172392,0.16715009188597277
8055,0.3170883996769662,0.10883935457883855,0.5740722457441952
8056,0.9132748165393859,0.03446856219672061,0.05225662126389355
8057,0.8715532759800101,0.0026037534375339135,0.12584297058245608
8058,0.88486743958356,0.021517837390159795,0.0936147230262803
8059,0.7685549305895183,0.011117718136515018,0.22032735127396672
8060,0.10892435134275767,0.08698308493416992,0.8040925637230724
8061,0.19998140410078977,0.06585505197145117,0.7341635439277591
8062,0.13911311583749786,0.013750024548934703,0.8471368596135674
8063,0.9591678959340091,0.005590677632132809,0.03524142643385804
8064,0.022326654100096082,0.01785350894472857,0.9598198369551754
8065,0.8685852334063621,0.011432537827888311,0.11998222876574964
8066,0.9637061496433421,0.007841679778426,0.02845217057823193
8067,0.06307752706652574,0.021638334640332085,0.915284138293142
8068,0.9038000615481546,0.008205466888139617,0.08799447156370575
8069,0.8975570722185573,0.011831989765578766,0.09061093801586378
8070,0.984708009079845,0.002091715448070463,0.0132002754720846
8071,0.789975186742761,0.0215252840223875,0.1884995292348514
8072,0.9339010297561843,0.009933193575411664,0.056165776668403875
8073,0.9662751879944076,0.0019072107089375362,0.03181760129665496
8074,0.9160709815177679,0.007922957559030898,0.07600606092320107
8075,0.953872985300101,0.012160562320129525,0.03396645237976955
8076,0.964209149590967,0.005866525439125793,0.029924324969907098
8077,0.08180312301026772,0.14925949888969878,0.7689373781000336
8078,0.13360531462013792,0.015033151786896525,0.8513615335929655
8079,0.934710815380077,0.0030996161893156035,0.06218956843060752
8080,0.9299524614517661,0.013039042027906936,0.057008496520326926
8081,0.9587002343626755,0.0016922137786307904,0.03960755185869376
8082,0.8507950841101298,0.020838555217398465,0.1283663606724715
8083,0.25649016286607257,0.06841320611579363,0.6750966310181339
8084,0.021156053880974114,0.0016964695912359603,0.97714747652779
8085,0.963747583605758,0.005797486858799266,0.030454929535442758
8086,0.006600894343175688,0.001238655472442819,0.9921604501843816
8087,0.6768957700939051,0.023731405902618977,0.2993728240034759
8088,0.347715799932347,0.02406603394839041,0.6282181661192625
8089,0.214579127670511,0.005818641787164549,0.7796022305423244
8090,0.03399313617096179,0.00801894455314344,0.9579879192758947
8091,0.9661295558496307,0.00547077457068847,0.028399669579680802
8092,0.013065822703695988,0.0026611715915686976,0.9842730057047352
8093,0.936171978010347,0.01931181421213324,0.044516207777519974
8094,0.11582821500414725,0.028872210642528127,0.8552995743533246
8095,0.6870981002894438,0.059254060688436506,0.25364783902211957
8096,0.3220224134839886,0.014270887620424664,0.6637066988955866
8097,0.2526504558575543,0.03693269807142324,0.7104168460710224
8098,0.8961447323124843,0.008677701931855977,0.0951775657556598
8099,0.76778561905272,0.005459079378246688,0.2267553015690333
8100,0.049649116419092434,0.0035442067291279905,0.9468066768517797
8101,0.33116908058519606,0.046470156158421615,0.6223607632563822
8102,0.8141400219217725,0.03808825182182614,0.14777172625640136
8103,0.3574214304564381,0.07177338757899723,0.5708051819645648
8104,0.47278472572040303,0.15626966589274185,0.37094560838685514
8105,0.01731185230171816,0.0010323387084079838,0.9816558089898738
8106,0.9718653491809612,0.001596954810849031,0.02653769600818967
8107,0.01092804698335611,0.003999766722821292,0.9850721862938225
8108,0.9386354056540507,0.018746985388009632,0.042617608957939625
8109,0.6230152492394996,0.0031163629841037717,0.3738683877763967
8110,0.9799827630333624,0.01200717907117747,0.008010057895460167
8111,0.6825325052436074,0.15136474031409652,0.16610275444229614
8112,0.8087988941998403,0.012219963601254658,0.17898114219890507
8113,0.011666253947861967,0.007665136159085425,0.9806686098930526
8114,0.07513332461765923,0.04303140067864267,0.881835274703698
8115,0.9286408098941535,0.0031613563644812834,0.06819783374136518
8116,0.8100018811101932,0.03232586886652425,0.15767225002328258
8117,0.1968835980427784,0.013627482245747901,0.7894889197114736
8118,0.701138332923296,0.0723948791109379,0.22646678796576628
8119,0.6416457083435942,0.04897952911193019,0.30937476254447566
8120,0.9685216590370234,0.010310743606981754,0.0211675973559948
8121,0.5162908361409349,0.06735384984728318,0.41635531401178205
8122,0.9809275452062474,0.0022906817903396823,0.016781773003413086
8123,0.9768728140996633,0.0013577186023298357,0.021769467298006877
8124,0.3224647195514359,0.13058138432008443,0.5469538961284797
8125,0.7923612405597245,0.008504649028826023,0.1991341104114495
8126,0.9149588462564284,0.012698264463082861,0.07234288928048868
8127,0.21686761263780133,0.018778860926529847,0.7643535264356689
8128,0.5246623155419329,0.0458546753139948,0.4294830091440723
8129,0.967326520104151,0.01605052367399542,0.016622956221853637
8130,0.6701959542586652,0.018727698042276066,0.3110763476990586
8131,0.03386196138942863,0.015953471651649422,0.9501845669589218
8132,0.8384415941258766,0.07634213390412274,0.08521627197000071
8133,0.9389472512780845,0.007619933694721163,0.05343281502719416
8134,0.6326820766495365,0.08163436092050592,0.28568356242995746
8135,0.034062626657075726,0.004760066540855024,0.9611773068020693
8136,0.04186853061098812,0.005654803895648995,0.952476665493363
8137,0.24908656251869604,0.006056796798151583,0.7448566406831525
8138,0.1763329759234698,0.011708846775174262,0.811958177301356
8139,0.08695882952563092,0.006393389408721661,0.9066477810656474
8140,0.9191076928115156,0.010899151688459821,0.06999315550002462
8141,0.9658662881381532,0.0025086887041177,0.031625023157729255
8142,0.8777863133212098,0.09597168612095112,0.02624200055783903
8143,0.8859706886858105,0.09127403007236418,0.022755281241825277
8144,0.2687587229779332,0.10683458927602384,0.6244066877460429
8145,0.9525312857569047,0.00346382991535986,0.044004884327735264
8146,0.9100339577136133,0.0057307554298858645,0.08423528685650093
8147,0.44897077461024476,0.01381464965698377,0.5372145757327714
8148,0.8777849870652887,0.002650973471714507,0.11956403946299675
8149,0.9768102745624878,0.003872785526221611,0.019316939911290545
8150,0.925483706749884,0.017759646607356933,0.05675664664275915
8151,0.09787148865536395,0.0075224929861630015,0.8946060183584731
8152,0.9613799024271408,0.00439860202305187,0.03422149554980735
8153,0.8323263221290504,0.007604193899691646,0.16006948397125778
8154,0.9303914765950945,0.021568673752413274,0.04803984965249233
8155,0.09644152442181902,0.014261104210152073,0.8892973713680288
8156,0.9778058404896159,0.006605566087766211,0.015588593422617817
8157,0.7678563834274607,0.011005579951612835,0.22113803662092654
8158,0.981271106343923,0.004488958252015491,0.01423993540406153
8159,0.46728051851088864,0.08292438610833232,0.44979509538077916
8160,0.69386682020097,0.032022355745699435,0.2741108240533306
8161,0.8805863486760752,0.02548525726421677,0.09392839405970789
8162,0.20846933583021918,0.46430652424167906,0.32722413992810173
8163,0.24766087668875048,0.030821894955786664,0.7215172283554628
8164,0.67088285564015,0.09838487336661159,0.23073227099323843
8165,0.04525780458166072,0.0019389064271624309,0.9528032889911767
8166,0.6138197798840843,0.006088297952397726,0.380091922163518
8167,0.4212142042553582,0.06020028745715915,0.5185855082874827
8168,0.6842247227049735,0.007900983806502795,0.3078742934885238
8169,0.7688571909527498,0.0070313279044477185,0.2241114811428023
8170,0.6528277659509487,0.042131005196748034,0.30504122885230317
8171,0.01948948149147114,0.001966977468416741,0.9785435410401122
8172,0.022837548095978218,0.013969330915724436,0.9631931209882975
8173,0.7479166769500881,0.003931157929892303,0.24815216512001956
8174,0.9764534560662006,0.00148379652850805,0.022062747405291454
8175,0.9855563353455473,0.002135595578403167,0.012308069076049595
8176,0.6808233828157331,0.00782632433903902,0.31135029284522786
8177,0.26562431284114996,0.04783622339462306,0.686539463764227
8178,0.8153501295309774,0.04708761109909973,0.1375622593699228
8179,0.6933695775363115,0.018403866740785098,0.28822655572290345
8180,0.38181169029700124,0.07759300773696179,0.540595301966037
8181,0.19831477665347275,0.039219979399474664,0.7624652439470525
8182,0.9753082402666537,0.0015326949998651653,0.023159064733481144
8183,0.4259342012512821,0.027242284900153492,0.5468235138485643
8184,0.8177202386936558,0.025298579822955115,0.156981181483389
8185,0.9860521587024884,0.005949922072643765,0.007997919224867877
8186,0.8517187148087135,0.028653778871756196,0.11962750631953026
8187,0.14668402255073743,0.025469757583657448,0.8278462198656051
8188,0.9220039213133149,0.005710767774276324,0.07228531091240871
8189,0.18170578241824634,0.06946857466316979,0.7488256429185839
8190,0.10128943062256417,0.6044015979731083,0.2943089714043275
8191,0.9405875043601194,0.00357799350659709,0.05583450213328333
8192,0.9373573319113934,0.00568985963750001,0.05695280845110667
8193,0.9470191995232188,0.0008967665364458271,0.05208403394033545
8194,0.7864301194367949,0.1274387028036159,0.0861311777595892
8195,0.8614692325037122,0.002835713609552158,0.1356950538867355
8196,0.943514493376869,0.002803901926831459,0.05368160469629963
8197,0.8173747201359272,0.0038189305318658663,0.178806349332207
8198,0.49612855245310256,0.025760852052572336,0.4781105954943252
8199,0.9750726729739989,0.004112349724330492,0.02081497730167043
8200,0.9867233968244878,0.003093121478969084,0.010183481696542937
8201,0.07355110824557926,0.004233498221759005,0.9222153935326617
8202,0.38356538883560476,0.018507525998044182,0.597927085166351
8203,0.8999281982818182,0.002778005533208726,0.09729379618497302
8204,0.20730247652427608,0.04276192560749093,0.749935597868233
8205,0.9350305788034262,0.0009502120981394068,0.06401920909843441
8206,0.2626871123840752,0.01335732054086136,0.7239555670750635
8207,0.9741214688632756,0.0016477439012795548,0.02423078723544495
8208,0.142556056595023,0.028612076429127477,0.8288318669758494
8209,0.35180021900388453,0.020024227922770893,0.6281755530733445
8210,0.9449434131307527,0.002461312200034062,0.05259527466921335
8211,0.46232813723681854,0.05347874966175306,0.4841931131014283
8212,0.9426788837926635,0.0020736168669416672,0.05524749934039498
8213,0.9289518788364043,0.023836942442114414,0.047211178721481215
8214,0.027853101920154097,0.009568279251022316,0.9625786188288236
8215,0.9290095760718265,0.05353701076215841,0.01745341316601494
8216,0.9362973984262163,0.01076039008041215,0.05294221149337151
8217,0.6120115162919957,0.06004294065251494,0.32794554305548934
8218,0.10316954639342509,0.01694849853179896,0.8798819550747761
8219,0.972545501711605,0.010734099040225004,0.016720399248169975
8220,0.907450011733207,0.0034152957339399857,0.08913469253285297
8221,0.3415197586648731,0.006985440280151428,0.6514948010549754
8222,0.34136537079708135,0.010069844139782312,0.6485647850631364
8223,0.7671473908044852,0.038672336676220526,0.19418027251929434
8224,0.6759582246672114,0.052175079190361226,0.2718666961424275
8225,0.10431289648162782,0.035362945708754034,0.8603241578096181
8226,0.016981606199824535,0.0009371353170265035,0.982081258483149
8227,0.988065177674509,0.0029031317097695203,0.00903169061572171
8228,0.9473230379499507,0.004018467882142448,0.04865849416790688
8229,0.13009870224147424,0.01340482298854123,0.8564964747699845
8230,0.6069725255903375,0.021042864364231827,0.37198461004543065
8231,0.7792480016276697,0.18067966836348798,0.0400723300088422
8232,0.6427859595078123,0.01863984214879596,0.3385741983433918
8233,0.07547468929945682,0.010022190788490265,0.9145031199120529
8234,0.9800951558144426,0.002537055840655975,0.017367788344901342
8235,0.3471803839641758,0.0383916231743456,0.6144279928614786
8236,0.2586514803071865,0.037465687193841454,0.7038828324989721
8237,0.9115214661857451,0.02326504455382004,0.0652134892604347
8238,0.3647933360172387,0.01004918767959887,0.6251574763031623
8239,0.05262211652042758,0.08407971095725496,0.8632981725223174
8240,0.865158294188653,0.025673279444428567,0.10916842636691859
8241,0.028239878373914645,0.0032693421073339405,0.9684907795187515
8242,0.8335541376011035,0.007292039313366671,0.15915382308552978
8243,0.6421592786141829,0.14903038588781078,0.20881033549800637
8244,0.9710754973278579,0.0012088666956103769,0.027715635976531715
8245,0.96398104433636,0.008543417069220892,0.02747553859441904
8246,0.5410201813351138,0.01265654255367668,0.44632327611120964
8247,0.9815896294641985,0.004814459628003223,0.013595910907798239
8248,0.9873528310978728,0.0014713276702016987,0.011175841231925571
8249,0.8769200692776814,0.006005430981912924,0.11707449974040562
8250,0.9517453037065629,0.01717112680538952,0.031083569488047663
8251,0.7049138604746055,0.003620178125689276,0.2914659613997053
8252,0.7620041606661867,0.018363800677995767,0.21963203865581743
8253,0.9529119232892934,0.0026606326474834584,0.04442744406322295
8254,0.6444304626799465,0.006559638615054297,0.34900989870499927
8255,0.5511107437081493,0.05048903385913019,0.39840022243272055
8256,0.685305868928983,0.037716883881789114,0.2769772471892279
8257,0.8156577408981232,0.08878898246801409,0.09555327663386282
8258,0.009360542389503563,0.0008505765687697789,0.9897888810417266
8259,0.08766246136770309,0.04543029193458731,0.8669072466977096
8260,0.9321514740638714,0.005313045520107205,0.06253548041602129
8261,0.9023213113588827,0.014904601609672326,0.08277408703144494
8262,0.8783280312005496,0.006082196179495882,0.11558977261995462
8263,0.9209552473465239,0.030364279142787602,0.04868047351068849
8264,0.8274900630220392,0.003542213804240415,0.16896772317372036
8265,0.7712927776618956,0.0428157597305923,0.18589146260751208
8266,0.008294078064599869,0.0007050161791054321,0.9910009057562948
8267,0.9264201474618021,0.004752240164368126,0.06882761237382977
8268,0.8853432771198989,0.007030679657909775,0.10762604322219145
8269,0.9300142149229198,0.008150193689326742,0.06183559138775343
8270,0.5991752387158072,0.031400550959848644,0.3694242103243442
8271,0.9471411480967636,0.024441117771508928,0.02841773413172733
8272,0.9597010360590235,0.0010376044072942408,0.03926135953368229
8273,0.9083015478066021,0.05400289093169762,0.037695561261700254
8274,0.8343670254018065,0.019432102825479098,0.14620087177271443
8275,0.11511509636334925,0.0658690349541551,0.8190158686824957
8276,0.25191185699421625,0.013338017311064598,0.7347501256947191
8277,0.9618525623484478,0.004548110465734206,0.03359932718581807
8278,0.8072318207656705,0.00951963997839565,0.1832485392559338
8279,0.843561953151472,0.0023968612605775475,0.15404118558795063
8280,0.027205618713458904,0.009508794560013963,0.9632855867265271
8281,0.5950307664189604,0.03594288867782751,0.36902634490321223
8282,0.96833101670707,0.009950021889419283,0.02171896140351086
8283,0.9187710163230978,0.0027106313507896606,0.07851835232611257
8284,0.9659198130058684,0.014423898834421457,0.01965628815971025
8285,0.10053512737298545,0.00658223605774508,0.8928826365692695
8286,0.9939892584845729,0.0014560166003949441,0.004554724915032132
8287,0.7869688879512855,0.0066659745759981275,0.20636513747271643
8288,0.9847363838731255,0.0016402971106546334,0.013623319016219933
8289,0.4986291747048995,0.025590819231431854,0.4757800060636686
8290,0.39201516842817374,0.0263686193342788,0.5816162122375476
8291,0.37349217068508395,0.009364207813407795,0.6171436215015083
8292,0.7857731996418298,0.011350012127989797,0.2028767882301805
8293,0.9239136564490853,0.0016321601984250083,0.0744541833524895
8294,0.9682596983491243,0.0022620556562333786,0.029478245994642355
8295,0.971822733497808,0.002397015726155186,0.025780250776036875
8296,0.7514453483914847,0.019738718154817727,0.22881593345369752
8297,0.9123603218694719,0.003796812500919856,0.08384286562960816
8298,0.9830376272958669,0.0033277975350850097,0.013634575169048065
8299,0.9020221826098334,0.017813589174722345,0.08016422821544436
8300,0.8440937064157954,0.009612887748132007,0.14629340583607264
8301,0.706957283923211,0.02207196005132497,0.2709707560254639
8302,0.24147105946647188,0.06682465414955216,0.691704286383976
8303,0.8757898948765839,0.003249125464370101,0.12096097965904615
8304,0.032658442267357014,0.014162122378077463,0.9531794353545655
8305,0.9506790740403408,0.004784218610215662,0.04453670734944367
8306,0.9384619433295219,0.004273012941169598,0.05726504372930846
8307,0.020411987539944172,0.001848812200400094,0.9777392002596558
8308,0.7194923316031371,0.0013892956711085839,0.27911837272575424
8309,0.090015021640186,0.012405916074409145,0.8975790622854048
8310,0.8296818486071558,0.01777817311694056,0.15253997827590351
8311,0.8663858204858438,0.002569958130062012,0.13104422138409413
8312,0.9595119654666491,0.008993966192638984,0.031494068340711764
8313,0.9778508306356078,0.007082216062805404,0.015066953301586762
8314,0.9843255577351305,0.0020959028879485547,0.013578539376921042
8315,0.7657801703398781,0.11153267747532318,0.12268715218479868
8316,0.8892561198136661,0.015792089889108175,0.09495179029722559
8317,0.7590144853340166,0.09491618411317665,0.14606933055280663
8318,0.6760699407376002,0.05931296808362028,0.2646170911787796
8319,0.006777312247618607,0.009521926659238978,0.9837007610931424
8320,0.8289386367791285,0.005236539629502917,0.1658248235913686
8321,0.728438338299224,0.016264754706223294,0.25529690699455265
8322,0.3551250672126687,0.03824849171402982,0.6066264410733014
8323,0.00945108723849532,0.0022157159961634326,0.9883331967653411
8324,0.048054239348050864,0.009913328128237734,0.9420324325237114
8325,0.9901298019489955,0.0029791390989837626,0.0068910589520207914
8326,0.9709115706839405,0.004510866807829454,0.024577562508230035
8327,0.9759606495299594,0.004742297854347947,0.019297052615692752
8328,0.02142260904365401,0.0015190827712938846,0.9770583081850521
8329,0.989045159256026,0.0014019903219975175,0.009552850421976742
8330,0.2818538939067393,0.03620694965441948,0.6819391564388412
8331,0.9754349948037726,0.0030381844129594693,0.02152682078326786
8332,0.45159439226264686,0.18749922103814312,0.3609063866992101
8333,0.9280828429578611,0.0016447229959734907,0.07027243404616543
8334,0.8850841447162626,0.005168784787148468,0.10974707049658908
8335,0.9734987129784693,0.0018020041564668755,0.0246992828650637
8336,0.2579269239163705,0.01312797157145685,0.7289451045121726
8337,0.4458058284941075,0.012497976516662639,0.5416961949892298
8338,0.9532799292602997,0.0029438918656153326,0.04377617887408508
8339,0.4052697109490586,0.04025646865917112,0.5544738203917703
8340,0.958374933256649,0.0073211681193899834,0.0343038986239609
8341,0.9381020561815896,0.015158464138345384,0.04673947968006496
8342,0.9864265677347633,0.00290711348321938,0.01066631878201732
8343,0.6454676273905202,0.013346691428718211,0.3411856811807617
8344,0.11315577059299418,0.055615767063283944,0.8312284623437219
8345,0.985084515126086,0.0015311095841176756,0.013384375289796201
8346,0.6221683936135544,0.01232210930330167,0.36550949708314406
8347,0.6215057710409617,0.08196075096535267,0.2965334779936857
8348,0.3397085947751356,0.03584736993922144,0.6244440352856429
8349,0.9759082568042458,0.0016384581535004957,0.022453285042253707
8350,0.6424881785404314,0.004078170057913496,0.35343365140165506
8351,0.7986455890829873,0.005848081281734377,0.19550632963527811
8352,0.9309786403355702,0.0034966003376771097,0.06552475932675272
8353,0.03831049176708623,0.0020965643439119996,0.9595929438890018
8354,0.03080724932768436,0.05893542816834684,0.9102573225039688
8355,0.9880336469161782,0.0012105168549333609,0.010755836228888368
8356,0.8622242463567198,0.0044297951251186215,0.1333459585181615
8357,0.07653807997326138,0.005549647888080762,0.9179122721386579
8358,0.02565685774896065,0.019822053805912714,0.9545210884451265
8359,0.9848943886583943,0.0014706822425026862,0.013634929099103077
8360,0.84221521142569,0.004528494410581902,0.1532562941637282
8361,0.28103865694204444,0.008696298957997648,0.7102650440999579
8362,0.865650303160651,0.023352556608331087,0.11099714023101794
8363,0.41407591564669277,0.006421651449992581,0.5795024329033147
8364,0.9622733464387117,0.00541437090622867,0.03231228265505968
8365,0.8513879426484133,0.004848152724826496,0.1437639046267601
8366,0.727267735310851,0.004405922204306822,0.2683263424848422
8367,0.8966959959976496,0.00861718807813282,0.09468681592421756
8368,0.9374163870930416,0.008540050099860627,0.054043562807097704
8369,0.5078993686220246,0.017367949824453378,0.474732681553522
8370,0.8653470912036619,0.005420632367954515,0.1292322764283837
8371,0.8385692845304443,0.010395296050128273,0.15103541941942744
8372,0.004457017146383967,0.001461355327585231,0.9940816275260308
8373,0.039279390944142026,0.02247759674967415,0.9382430123061839
8374,0.31439365793055846,0.006423950452100128,0.6791823916173414
8375,0.9768333307101885,0.004143093592647092,0.019023575697164383
8376,0.09744226613716488,0.008824079894839736,0.8937336539679954
8377,0.7101941932394626,0.05547106461569961,0.23433474214483777
8378,0.8766652010436179,0.0374510727450786,0.08588372621130352
8379,0.9342649418127538,0.0053136447628376075,0.06042141342440874
8380,0.7209200177144314,0.004126338599059826,0.27495364368650876
8381,0.9487446338283483,0.011219655812941253,0.04003571035871043
8382,0.8924180219142579,0.0027062751678565027,0.10487570291788566
8383,0.9447086797007699,0.005185257928902444,0.05010606237032758
8384,0.948791839531992,0.003410913425471831,0.04779724704253618
8385,0.1093712432092964,0.09720745965552735,0.7934212971351762
8386,0.41794279891582503,0.02156579713453539,0.5604914039496395
8387,0.9873317286681313,0.0013433603946430169,0.01132491093722562
8388,0.633166278145282,0.006252947351742163,0.3605807745029758
8389,0.7560543193622963,0.028671698440463297,0.21527398219724034
8390,0.07372337067517369,0.007652010365476124,0.9186246189593501
8391,0.7581363678574911,0.01932273522611762,0.22254089691639128
8392,0.852967840025516,0.030257257429840704,0.1167749025446434
8393,0.9871899898781892,0.0021793153504594378,0.010630694771351304
8394,0.5925835941606118,0.029139517607824333,0.37827688823156386
8395,0.2705603697803062,0.024297913595986532,0.7051417166237074
8396,0.837429459369769,0.02364104821054018,0.1389294924196909
8397,0.9626591093096504,0.002849575768101246,0.034491314922248544
8398,0.9668758408286744,0.0028601335426770725,0.030264025628648543
8399,0.837197948596484,0.04866685723892763,0.11413519416458852
8400,0.01113218833699499,0.004319504658082129,0.9845483070049229
8401,0.5462615308201618,0.17294543114042468,0.28079303803941347
8402,0.2088914230426707,0.0515105131530923,0.7395980638042371
8403,0.06289961163175764,0.07747614658928834,0.859624241778954
8404,0.7409169625902718,0.007978219922163202,0.25110481748756497
8405,0.061780202073402776,0.004781267069013285,0.9334385308575839
8406,0.8661047886835682,0.003188530101145739,0.13070668121528603
8407,0.9379248112967441,0.004882986742161369,0.05719220196109451
8408,0.8636199696304493,0.013101173805861949,0.12327885656368859
8409,0.0509042619032529,0.007099476244678082,0.9419962618520691
8410,0.43575355301635393,0.22094159223936416,0.3433048547442821
8411,0.8743464226445687,0.01995843810272999,0.10569513925270137
8412,0.034743865641155995,0.003191058048932643,0.9620650763099114
8413,0.008809490499357241,0.012589348978168557,0.9786011605224743
8414,0.9342972930390953,0.004415384096564895,0.06128732286433999
8415,0.9313026677948008,0.011591845851018705,0.05710548635418062
8416,0.9546073157941417,0.004959920867374372,0.04043276333848392
8417,0.6006474740087638,0.006188429201125675,0.39316409679011044
8418,0.8668290462226506,0.029333488529052217,0.10383746524829703
8419,0.05093445461787555,0.023139293214906178,0.9259262521672182
8420,0.7469135415005482,0.004895758241934359,0.2481907002575174
8421,0.1343750287622395,0.03351882248284588,0.8321061487549145
8422,0.982508595393873,0.0023881192386645085,0.015103285367462442
8423,0.9610798609654688,0.005993478777144897,0.03292666025738627
8424,0.6866102463104817,0.043838732528705494,0.2695510211608128
8425,0.9110634271172011,0.009986139121179887,0.07895043376161899
8426,0.04583208600126571,0.03611330652704612,0.9180546074716881
8427,0.6741515389992867,0.06270141318871383,0.26314704781199955
8428,0.9881569991241334,0.0006619699815890901,0.011181030894277667
8429,0.9777570889549762,0.001218909710476423,0.02102400133454752
8430,0.9399318843122157,0.016273009438073468,0.043795106249710815
8431,0.1463232366740078,0.008770630163299214,0.844906133162693
8432,0.5827374856409433,0.05066100890026978,0.36660150545878695
8433,0.857886458495172,0.04365060154847871,0.09846293995634926
8434,0.030315165283559292,0.02259973458778222,0.9470851001286584
8435,0.9641250298043222,0.0012812774753553113,0.03459369272032258
8436,0.7877711791637524,0.02279276996530108,0.1894360508709465
8437,0.03882285658175152,0.013238076913932008,0.9479390665043164
8438,0.9703981702085972,0.011762044202069711,0.017839785589333076
8439,0.44354918389523895,0.0883688709448325,0.4680819451599286
8440,0.796280306611578,0.07357384946533202,0.13014584392308998
8441,0.5077719108954974,0.0060414532791675,0.48618663582533517
8442,0.9480233989653024,0.006514670273835173,0.04546193076086248
8443,0.970570875366148,0.0017679494172022291,0.027661175216649812
8444,0.9606498677844579,0.0148756940879169,0.024474438127625172
8445,0.9889696484902101,0.00429847049586402,0.006731881013925999
8446,0.7895035723896575,0.008148664392150926,0.2023477632181915
8447,0.11020988506316513,0.03628099004240574,0.8535091248944292
8448,0.923400583081003,0.0010838469301981664,0.07551556998879883
8449,0.3760893479151203,0.1357332132275194,0.4881774388573605
8450,0.6208013354381265,0.031964817733254755,0.3472338468286187
8451,0.9729456912973268,0.002223770073153517,0.02483053862951968
8452,0.9899234171127745,0.0009120590372183146,0.009164523850007204
8453,0.8992842014428759,0.018872750919622403,0.08184304763750151
8454,0.41790584885471704,0.027057385083440803,0.555036766061842
8455,0.16516452763350448,0.0034917776884989403,0.8313436946779966
8456,0.5158450835913504,0.017262656023038062,0.46689226038561155
8457,0.968730592092091,0.005763205515311295,0.025506202392597727
8458,0.6783061171690309,0.1009301163153172,0.22076376651565188
8459,0.9733358069348074,0.005713815588254373,0.020950377476938332
8460,0.9635523093197487,0.009087553022545252,0.02736013765770587
8461,0.08415789346213678,0.034226913412463755,0.8816151931253996
8462,0.9349933997081523,0.009672644159692599,0.05533395613215516
8463,0.39105162456066705,0.012017280880480926,0.596931094558852
8464,0.9085295231567441,0.0242283483525011,0.06724212849075471
8465,0.36294399279110706,0.01398071005331148,0.6230752971555816
8466,0.9060893063216602,0.015860335019431574,0.07805035865890828
8467,0.9709166374701634,0.0021366555979315336,0.026946706931905144
8468,0.2501180604584454,0.06793962173495069,0.681942317806604
8469,0.14066172117138037,0.05251398359173239,0.8068242952368871
8470,0.7703427734535845,0.0204126104981667,0.20924461604824865
8471,0.9334138468087284,0.0023699463902066642,0.06421620680106499
8472,0.8674092887813137,0.014669778733698959,0.11792093248498725
8473,0.9704160096357803,0.007804571705758654,0.02177941865846077
8474,0.901910675712959,0.013276230069998366,0.08481309421704268
8475,0.11808633429487235,0.004229929281708731,0.877683736423419
8476,0.9257507295901027,0.007910520666569285,0.06633874974332798
8477,0.5914547453694284,0.12060976027527491,0.2879354943552967
8478,0.9245100926417159,0.017115241789670804,0.058374665568613336
8479,0.9569059399008679,0.008194275742689076,0.03489978435644303
8480,0.9474320081365644,0.006343544660070678,0.046224447203364855
8481,0.9865000456006049,0.0046321965776556,0.008867757821739621
8482,0.38200262951835245,0.02437031504703011,0.5936270554346175
8483,0.033877236065308965,0.005601222032952317,0.9605215419017387
8484,0.917199184992517,0.009237865599879496,0.07356294940760362
8485,0.9812732132183201,0.0034439087540572527,0.015282878027622638
8486,0.0945095456403715,0.0077186255808989555,0.8977718287787296
8487,0.737108942981685,0.011952956709991296,0.2509381003083238
8488,0.9707460096447426,0.004067874722755644,0.02518611563250184
8489,0.6617808025028153,0.01287611573711317,0.3253430817600715
8490,0.13462104570869346,0.0325750644629087,0.8328038898283978
8491,0.10612219625377955,0.007744242530143404,0.8861335612160769
8492,0.8293922393120652,0.028644532266117993,0.1419632284218168
8493,0.8479513792420981,0.010468334125444812,0.1415802866324571
8494,0.8343912166843931,0.004366164936974228,0.16124261837863257
8495,0.9450209569920743,0.02155248212074356,0.03342656088718219
8496,0.8446868089830487,0.025528870033153864,0.1297843209837975
8497,0.9756297814757653,0.0019456977778549607,0.022424520746379555
8498,0.07050583562732432,0.004032202179358391,0.9254619621933172
8499,0.964512136964463,0.003436357789391758,0.032051505246145036
8500,0.8669688335396204,0.035151250869331484,0.09787991559104815
8501,0.8319347253695136,0.00980712652515597,0.15825814810533045
8502,0.06667819457032101,0.0028638902137258235,0.9304579152159531
8503,0.8535523975337833,0.016363480554964966,0.13008412191125177
8504,0.029853580321812963,0.0045370088592489,0.9656094108189381
8505,0.9462670189827642,0.0024293347327663953,0.05130364628446948
8506,0.9819223075733469,0.0014621823851706291,0.016615510041482366
8507,0.7988115747185812,0.00237956217003441,0.19880886311138438
8508,0.8810458945466629,0.003934271680476453,0.11501983377286067
8509,0.9734219433054967,0.0035748927074276825,0.023003163987075696
8510,0.7092118536997261,0.08767235348237415,0.2031157928178997
8511,0.955240253614834,0.013127549515810265,0.03163219686935571
8512,0.03937976599729814,0.0034925868053612514,0.9571276471973407
